{
 "cells": [
  {
   "cell_type": "markdown",
   "metadata": {},
   "source": [
    "# Машинное обучение, ФЭН ВШЭ\n",
    "\n",
    "# Практическое задание 2\n",
    "(Основано на материалах курса машинного обучения на фкн)\n",
    "\n",
    "## Общая информация\n",
    "\n",
    "Дата выдачи: 21.09.2017\n",
    "\n",
    "Срок сдачи: 8.10.2017 23:59MSK\n",
    "\n",
    "### О задании\n",
    "\n",
    "Практическое задание 1 посвящено изучению основных библиотек для анализа данных, а также линейных моделей и методов их обучения. Вы научитесь:\n",
    " * применять библиотеку NumPy;\n",
    " * подготавливать данные для обучения линейных моделей;\n",
    " * обучать линейную, Lasso и Ridge-регрессии при помощи модуля scikit-learn;\n",
    " * реализовывать обычный и стохастический градиентные спуски;\n",
    " * обучать линейную регрессию для произвольного функционала качества.\n",
    " \n",
    "\n",
    "### Оценивание и штрафы\n",
    "\n",
    "Каждая из задач имеет определенную «стоимость» (указана в скобках около задачи). Максимально допустимая оценка за работу — 10 баллов. Кроме того, некоторые из заданий являются опциональными (необязательными), однако за их выполнение можно получить дополнительные баллы.\n",
    "\n",
    "\n",
    "Задание выполняется самостоятельно. «Похожие» решения считаются плагиатом и все задействованные студенты (в том числе те, у кого списали) не могут получить за него больше 0 баллов (подробнее о плагиате см. на странице курса). Если вы нашли решение какого-то из заданий (или его часть) в открытом источнике, необходимо указать ссылку на этот источник в отдельном блоке в конце Вашей работы (скорее всего вы будете не единственным, кто это нашел, поэтому чтобы исключить подозрение в плагиате, необходима ссылка на источник). \n",
    "\n",
    "Неэффективная реализация кода может негативно отразиться на оценке.\n",
    "\n",
    "\n",
    "### Формат сдачи\n",
    "Для сдачи задания переименуйте получившийся файл \\*.ipynb в соответствии со следующим форматом: *HW1_Username.ipynb*, где *Username* — Ваша фамилия и инициалы на латинице (например, *HW1_IvanovII.ipynb*). Далее отправьте этот файл на почту курса, указав соответствующую тему (см. вики-страничку курча)."
   ]
  },
  {
   "cell_type": "markdown",
   "metadata": {},
   "source": [
    "## Библиотеки для анализа данных\n",
    "\n",
    "### NumPy\n",
    "\n",
    "Во всех заданиях данного раздела запрещено использовать циклы  и list comprehensions. Под вектором и матрицей в данных заданиях понимается одномерный и двумерный numpy.array соответственно."
   ]
  },
  {
   "cell_type": "code",
   "execution_count": 1,
   "metadata": {
    "collapsed": true
   },
   "outputs": [],
   "source": [
    "import numpy as np"
   ]
  },
  {
   "cell_type": "code",
   "execution_count": 2,
   "metadata": {
    "collapsed": true
   },
   "outputs": [],
   "source": [
    "import math"
   ]
  },
  {
   "cell_type": "markdown",
   "metadata": {},
   "source": [
    "**1. (0.3 балла)** Реализуйте функцию, возвращающую максимальный элемент в векторе x среди элементов, перед которыми стоит нулевой. Для x = np.array([6, 2, 0, 3, 0, 0, 5, 7, 0]) ответом является 5. Если нулевых элементов нет, функция должна возвращать None.\n"
   ]
  },
  {
   "cell_type": "code",
   "execution_count": null,
   "metadata": {
    "collapsed": true
   },
   "outputs": [],
   "source": [
    "def max_element(arr):\n",
    "    # Your code here"
   ]
  },
  {
   "cell_type": "markdown",
   "metadata": {},
   "source": [
    "**2. (0.3 балла)** Реализуйте функцию, принимающую на вход матрицу и некоторое число и возвращающую ближайший к числу элемент матрицы. Например: для X = np.arange(0,10).reshape((2, 5)) и v = 3.6 ответом будет 4."
   ]
  },
  {
   "cell_type": "markdown",
   "metadata": {},
   "source": [
    "Ресурс: https://stackoverflow.com/questions/2566412/find-nearest-value-in-numpy-array"
   ]
  },
  {
   "cell_type": "code",
   "execution_count": null,
   "metadata": {
    "collapsed": true
   },
   "outputs": [],
   "source": [
    "def nearest_value(X, v):\n",
    "    idx = (np.abs(X-v)).argmin()\n",
    "    return array[idx]"
   ]
  },
  {
   "cell_type": "markdown",
   "metadata": {},
   "source": [
    "**3. (0.3 балла)** Реализуйте функцию scale(X), которая принимает на вход матрицу и масштабирует каждый ее столбец (вычитает выборочное среднее и делит на стандартное отклонение). Убедитесь, что в функции не будет происходить деления на ноль. Протестируйте на случайной матрице (для её генерации можно использовать, например, функцию [numpy.random.randint](http://docs.scipy.org/doc/numpy/reference/generated/numpy.random.randint.html))."
   ]
  },
  {
   "cell_type": "markdown",
   "metadata": {},
   "source": [
    "Ресурс: https://stackoverflow.com/questions/1735025/how-to-normalize-a-numpy-array-to-within-a-certain-range"
   ]
  },
  {
   "cell_type": "code",
   "execution_count": 72,
   "metadata": {
    "collapsed": false
   },
   "outputs": [
    {
     "data": {
      "text/plain": [
       "array([[ 0.8268583 ,  0.92621354,  0.8662165 ,  0.84741073,  0.78536464,\n",
       "         0.95679358,  0.94320551,  0.86010064,  0.83592358,  0.89291499],\n",
       "       [ 0.81404281,  0.89539163,  1.        ,  1.        ,  0.76618056,\n",
       "         0.89581251,  0.76017926,  0.87333299,  1.        ,  1.        ],\n",
       "       [ 0.92451384,  0.85525256,  0.65810577,  0.74593229,  0.95203599,\n",
       "         0.84979842,  0.99586438,  0.74287043,  0.7885883 ,  0.74781173],\n",
       "       [ 0.92714506,  0.82484116,  0.96223608,  0.74208122,  0.6629004 ,\n",
       "         0.93840401,  1.        ,  0.75947238,  0.92846523,  0.86740636],\n",
       "       [ 0.96236711,  0.82881511,  0.82677142,  0.77721417,  0.83364602,\n",
       "         0.78810828,  0.87597695,  1.        ,  0.83975073,  0.99093039],\n",
       "       [ 0.93138576,  0.7949837 ,  0.80421552,  0.82794583,  0.67564296,\n",
       "         0.85218041,  0.97245037,  0.7986723 ,  0.78638549,  0.86954227],\n",
       "       [ 0.83469872,  0.8627669 ,  0.91476413,  0.81362024,  0.92890211,\n",
       "         0.92764259,  0.92738936,  0.92027499,  0.69501899,  0.73115105],\n",
       "       [ 0.85948337,  1.        ,  0.87458602,  0.76216598,  1.        ,\n",
       "         0.87494625,  0.87893341,  0.82790823,  0.72479112,  0.94258097],\n",
       "       [ 0.97233355,  0.72878589,  0.87118804,  0.79961155,  0.77016867,\n",
       "         1.        ,  0.88007872,  0.82714438,  0.86337682,  0.93890743],\n",
       "       [ 1.        ,  0.79881368,  0.83360001,  0.76525895,  0.86077022,\n",
       "         0.89093213,  0.98120688,  0.75214657,  0.9882547 ,  0.87778629]])"
      ]
     },
     "execution_count": 72,
     "metadata": {},
     "output_type": "execute_result"
    }
   ],
   "source": [
    "mu, sigma = 10, 1 # mean and standard deviation\n",
    "s = np.random.normal(mu, sigma, 100)\n",
    "s.resize((10,10))\n",
    "def scale(X):\n",
    "    X /= np.max(np.abs(X),axis=0)\n",
    "scale(s)\n",
    "s"
   ]
  },
  {
   "cell_type": "markdown",
   "metadata": {},
   "source": [
    "**4. (0.3 балла)** Реализуйте функцию, которая для заданной матрицы находит:\n",
    " - определитель\n",
    " - след\n",
    " - наименьший и наибольший элементы\n",
    " - норму Фробениуса\n",
    " - собственные числа\n",
    " - обратную матрицу\n",
    "\n",
    "Для тестирования сгенерируйте матрицу с элементами из нормального распределения $\\mathcal{N}$(10,1)"
   ]
  },
  {
   "cell_type": "code",
   "execution_count": 11,
   "metadata": {
    "collapsed": false
   },
   "outputs": [
    {
     "data": {
      "text/plain": [
       "array([[  8.8801814 ,   9.79942952,   8.49766413,  11.48068356,\n",
       "          9.87508646,  10.37898803,   9.66848319,   9.98301456,\n",
       "         10.21130671,  10.41351382],\n",
       "       [  9.59354334,  10.85470916,   9.46354486,   7.96189439,\n",
       "         11.40243826,   8.74713554,  10.3622494 ,   8.16408309,\n",
       "          9.2272987 ,   9.91666943],\n",
       "       [ 10.75444797,   8.35239442,   9.84233398,   9.72769734,\n",
       "          8.82958526,   8.51601763,   9.94656525,   9.91027024,\n",
       "         11.25779363,   9.49796318],\n",
       "       [ 10.52772379,   9.31914558,   9.5293264 ,   9.70620953,\n",
       "          7.93786159,  10.32462774,  10.58239148,   8.22195777,\n",
       "         12.5715985 ,   9.47073932],\n",
       "       [ 11.15646243,  11.18346224,  12.12205161,  10.06201349,\n",
       "          8.99939229,   8.229124  ,   9.47047359,   8.88096805,\n",
       "         10.52563294,   9.90782296],\n",
       "       [ 10.37739615,  11.51603403,  10.21573116,   9.31458664,\n",
       "         11.34396578,  11.13098611,  10.0520422 ,   9.97559652,\n",
       "          9.3282144 ,  10.7678136 ],\n",
       "       [ 11.84365184,  11.5497345 ,   8.6158358 ,   8.82988338,\n",
       "         10.56989855,  11.33392515,   9.80187906,  10.01959568,\n",
       "          9.8872272 ,  11.50236272],\n",
       "       [ 11.24394564,  11.74325381,   9.95945113,  10.07306801,\n",
       "         10.91961855,  10.84476906,  10.13213961,  11.24610834,\n",
       "         10.92115589,   9.61710397],\n",
       "       [  8.96493615,   9.63363039,  11.93912608,  10.61080826,\n",
       "          9.81976223,  10.97527115,   8.81220266,   7.96696573,\n",
       "          9.30798999,   9.87864669],\n",
       "       [ 11.12699126,   9.82142516,   8.53759583,  11.06130402,\n",
       "         11.01464024,  10.37427434,   9.22497615,   8.98901075,\n",
       "         10.01190738,  11.2028199 ]])"
      ]
     },
     "execution_count": 11,
     "metadata": {},
     "output_type": "execute_result"
    }
   ],
   "source": [
    "mu, sigma = 10, 1 # mean and standard deviation\n",
    "s = np.random.normal(mu, sigma, 100)\n",
    "s.resize((10,10))\n",
    "s"
   ]
  },
  {
   "cell_type": "code",
   "execution_count": 37,
   "metadata": {
    "collapsed": false
   },
   "outputs": [],
   "source": [
    "def get_stats(X):\n",
    "    print(\"определитель:\", np.linalg.det(X))\n",
    "    print(\"след:\", np.trace(X, offset=0, axis1=0, axis2=1, dtype=None, out=None))\n",
    "    print(\"наибольший элемент:\", np.amax(X))\n",
    "    print(\"наименьший элемент:\", np.amin(X))\n",
    "    print(\"норма Фробениуса:\", np.linalg.norm(X, ord=None, axis=None, keepdims=False))\n",
    "    print(\"собственные числа:\", np.linalg.eigvals(X))\n",
    "    print(\"обратная матрица:\", np.linalg.inv(X))"
   ]
  },
  {
   "cell_type": "code",
   "execution_count": 38,
   "metadata": {
    "collapsed": false
   },
   "outputs": [
    {
     "name": "stdout",
     "output_type": "stream",
     "text": [
      "определитель: 21978.4763919\n",
      "след: 100.972609754\n",
      "наибольший элемент: 12.571598499\n",
      "наименьший элемент: 7.93786158581\n",
      "норма Фробениуса: 100.952585808\n",
      "собственные числа: [ 100.35186679+0.j           -2.68133753+0.j           -1.99101899+0.j\n",
      "    0.26472567+2.26791071j    0.26472567-2.26791071j\n",
      "   -0.46645717+0.6781742j    -0.46645717-0.6781742j\n",
      "    1.80234738+1.51783304j    1.80234738-1.51783304j    2.09186772+0.j        ]\n",
      "обратная матрица: [[ -6.73553949e-01  -8.90831245e-01  -1.38906171e-01   5.69921906e-01\n",
      "    2.94535189e-01   2.43335251e+00  -1.26663683e+00  -3.51193150e-01\n",
      "   -9.93594137e-01   9.29403515e-01]\n",
      " [  1.91883129e-01   1.31069771e-01  -3.51886987e-01  -8.44036748e-03\n",
      "    2.07190732e-01  -3.83317055e-01   2.06860542e-01   1.77738984e-01\n",
      "   -7.94737928e-03  -1.61686028e-01]\n",
      " [ -3.69652090e-02   1.16001364e-01   1.62492278e-01  -1.69248419e-01\n",
      "   -4.63547209e-03  -3.65147732e-01   2.07089656e-01   2.38693942e-02\n",
      "    3.38060153e-01  -2.39156654e-01]\n",
      " [ -1.81474708e-01  -7.77590203e-01  -3.06408651e-01   5.00262214e-01\n",
      "    3.44423037e-01   2.13217411e+00  -1.34509121e+00  -3.46599652e-01\n",
      "   -8.89672060e-01   8.02988127e-01]\n",
      " [  7.50453888e-02   7.47146855e-01   1.60788066e-01  -4.76556549e-01\n",
      "   -3.57451242e-01  -1.77601996e+00   6.97248965e-01   5.03314129e-01\n",
      "    7.25659289e-01  -2.29233521e-01]\n",
      " [ -1.93606654e-01  -3.20466991e-01  -1.15011694e-01   2.57246390e-01\n",
      "   -1.34456211e-01   6.97135475e-01  -2.49436072e-01  -3.44179341e-02\n",
      "   -7.00269847e-02   1.39926776e-01]\n",
      " [ -6.10959424e-01  -1.41394102e+00  -2.89555970e-01   1.22918579e+00\n",
      "    4.60936818e-01   5.07247278e+00  -2.65829916e+00  -1.08727411e+00\n",
      "   -2.01540342e+00   1.18264864e+00]\n",
      " [  2.29628517e-01   9.00791255e-02   3.00907706e-01  -3.45124297e-01\n",
      "   -1.10591007e-01  -5.75112610e-01   4.39994743e-01   1.83701586e-01\n",
      "    2.17147049e-01  -4.06889212e-01]\n",
      " [  6.50437959e-01   1.52834457e+00   3.07911928e-01  -8.95413275e-01\n",
      "   -5.23087344e-01  -4.75626581e+00   2.35662894e+00   9.58746078e-01\n",
      "    1.76188743e+00  -1.22368543e+00]\n",
      " [  5.51179345e-01   7.37585066e-01   2.95395633e-01  -6.28317869e-01\n",
      "   -1.58106066e-01  -2.27200140e+00   1.52226463e+00  -5.48725962e-02\n",
      "    8.76773958e-01  -7.60648956e-01]]\n"
     ]
    }
   ],
   "source": [
    "get_stats(s)"
   ]
  },
  {
   "cell_type": "markdown",
   "metadata": {},
   "source": [
    "**5. (0.3 балла)** Повторите 100 раз следующий эксперимент: сгенерируйте две матрицы размера 10×10 из стандартного нормального распределения, перемножьте их (как матрицы) и найдите максимальный элемент. Какое среднее значение по экспериментам у максимальных элементов? 95-процентная квантиль?"
   ]
  },
  {
   "cell_type": "code",
   "execution_count": 69,
   "metadata": {
    "collapsed": false
   },
   "outputs": [
    {
     "name": "stdout",
     "output_type": "stream",
     "text": [
      "Среднее значение: 8.28983056365\n",
      "95-процентная квантиль: 5.13150185505\n"
     ]
    }
   ],
   "source": [
    "mu, sigma = 0, 1 # mean and standard deviation\n",
    "list0 = []\n",
    "average = 0\n",
    "for exp_num in range(100): \n",
    "    m1 = np.random.normal(mu, sigma, 100)\n",
    "    m1.resize((10,10))\n",
    "    m2 = np.random.normal(mu, sigma, 100)\n",
    "    m2.resize((10,10))\n",
    "    result = np.dot(m1, m2)\n",
    "    average += np.amax(result) / 100\n",
    "    list0.append(np.amax(result))\n",
    "print(\"Среднее значение:\", average)\n",
    "print(\"95-процентная квантиль:\", np.percentile(list0, 0.95))"
   ]
  },
  {
   "cell_type": "markdown",
   "metadata": {},
   "source": [
    "## Линейная регрессия\n",
    "\n",
    "В этой части мы разберемся с линейной регрессией, способами её обучения и измерением качества ее прогнозов. \n",
    "\n",
    "Будем рассматривать данные по авиарейсам в США за январь-апрель 2008 года для предсказания времени задержки отправления рейса в минутах (DepDelay). Отметим, что под задержкой подразумевается не только опоздание рейса относительно планируемого времени вылета, но и отправление до планируемого времени.\n",
    "\n",
    "\n",
    "[Данные](https://www.dropbox.com/s/dvfitn93obn0rql/2008.csv?dl=0) и их [описание](http://stat-computing.org/dataexpo/2009/the-data.html)\n",
    "\n",
    "### Подготовка данных\n",
    "\n",
    "**6. (0.75 балла)** Считайте выборку из файла при помощи функции pd.read_csv и ответьте на следующие вопросы:\n",
    "   - Имеются ли в данных пропущенные значения?\n",
    "   - Сколько всего пропущенных элементов в таблице \"объект-признак\"?\n",
    "   - Сколько объектов имеют хотя бы один пропуск?\n",
    "   - Сколько признаков имеют хотя бы одно пропущенное значение?"
   ]
  },
  {
   "cell_type": "code",
   "execution_count": 3,
   "metadata": {
    "collapsed": true
   },
   "outputs": [],
   "source": [
    "import pandas as pd"
   ]
  },
  {
   "cell_type": "code",
   "execution_count": 4,
   "metadata": {
    "collapsed": false,
    "scrolled": true
   },
   "outputs": [
    {
     "data": {
      "text/html": [
       "<div>\n",
       "<table border=\"1\" class=\"dataframe\">\n",
       "  <thead>\n",
       "    <tr style=\"text-align: right;\">\n",
       "      <th></th>\n",
       "      <th>Year</th>\n",
       "      <th>Month</th>\n",
       "      <th>DayofMonth</th>\n",
       "      <th>DayOfWeek</th>\n",
       "      <th>DepTime</th>\n",
       "      <th>CRSDepTime</th>\n",
       "      <th>ArrTime</th>\n",
       "      <th>CRSArrTime</th>\n",
       "      <th>UniqueCarrier</th>\n",
       "      <th>FlightNum</th>\n",
       "      <th>...</th>\n",
       "      <th>TaxiIn</th>\n",
       "      <th>TaxiOut</th>\n",
       "      <th>Cancelled</th>\n",
       "      <th>CancellationCode</th>\n",
       "      <th>Diverted</th>\n",
       "      <th>CarrierDelay</th>\n",
       "      <th>WeatherDelay</th>\n",
       "      <th>NASDelay</th>\n",
       "      <th>SecurityDelay</th>\n",
       "      <th>LateAircraftDelay</th>\n",
       "    </tr>\n",
       "  </thead>\n",
       "  <tbody>\n",
       "    <tr>\n",
       "      <th>0</th>\n",
       "      <td>2008</td>\n",
       "      <td>6</td>\n",
       "      <td>18</td>\n",
       "      <td>3</td>\n",
       "      <td>2111.0</td>\n",
       "      <td>2055</td>\n",
       "      <td>2308.0</td>\n",
       "      <td>2300</td>\n",
       "      <td>WN</td>\n",
       "      <td>242</td>\n",
       "      <td>...</td>\n",
       "      <td>3.0</td>\n",
       "      <td>8.0</td>\n",
       "      <td>0</td>\n",
       "      <td>NaN</td>\n",
       "      <td>0</td>\n",
       "      <td>NaN</td>\n",
       "      <td>NaN</td>\n",
       "      <td>NaN</td>\n",
       "      <td>NaN</td>\n",
       "      <td>NaN</td>\n",
       "    </tr>\n",
       "    <tr>\n",
       "      <th>1</th>\n",
       "      <td>2008</td>\n",
       "      <td>6</td>\n",
       "      <td>4</td>\n",
       "      <td>3</td>\n",
       "      <td>1426.0</td>\n",
       "      <td>1410</td>\n",
       "      <td>1730.0</td>\n",
       "      <td>1728</td>\n",
       "      <td>XE</td>\n",
       "      <td>2380</td>\n",
       "      <td>...</td>\n",
       "      <td>4.0</td>\n",
       "      <td>12.0</td>\n",
       "      <td>0</td>\n",
       "      <td>NaN</td>\n",
       "      <td>0</td>\n",
       "      <td>NaN</td>\n",
       "      <td>NaN</td>\n",
       "      <td>NaN</td>\n",
       "      <td>NaN</td>\n",
       "      <td>NaN</td>\n",
       "    </tr>\n",
       "    <tr>\n",
       "      <th>2</th>\n",
       "      <td>2008</td>\n",
       "      <td>8</td>\n",
       "      <td>3</td>\n",
       "      <td>7</td>\n",
       "      <td>1143.0</td>\n",
       "      <td>1145</td>\n",
       "      <td>1501.0</td>\n",
       "      <td>1520</td>\n",
       "      <td>WN</td>\n",
       "      <td>1769</td>\n",
       "      <td>...</td>\n",
       "      <td>4.0</td>\n",
       "      <td>9.0</td>\n",
       "      <td>0</td>\n",
       "      <td>NaN</td>\n",
       "      <td>0</td>\n",
       "      <td>NaN</td>\n",
       "      <td>NaN</td>\n",
       "      <td>NaN</td>\n",
       "      <td>NaN</td>\n",
       "      <td>NaN</td>\n",
       "    </tr>\n",
       "    <tr>\n",
       "      <th>3</th>\n",
       "      <td>2008</td>\n",
       "      <td>1</td>\n",
       "      <td>23</td>\n",
       "      <td>3</td>\n",
       "      <td>1141.0</td>\n",
       "      <td>1144</td>\n",
       "      <td>1323.0</td>\n",
       "      <td>1335</td>\n",
       "      <td>OO</td>\n",
       "      <td>3802</td>\n",
       "      <td>...</td>\n",
       "      <td>4.0</td>\n",
       "      <td>19.0</td>\n",
       "      <td>0</td>\n",
       "      <td>NaN</td>\n",
       "      <td>0</td>\n",
       "      <td>NaN</td>\n",
       "      <td>NaN</td>\n",
       "      <td>NaN</td>\n",
       "      <td>NaN</td>\n",
       "      <td>NaN</td>\n",
       "    </tr>\n",
       "    <tr>\n",
       "      <th>4</th>\n",
       "      <td>2008</td>\n",
       "      <td>5</td>\n",
       "      <td>4</td>\n",
       "      <td>7</td>\n",
       "      <td>815.0</td>\n",
       "      <td>820</td>\n",
       "      <td>1243.0</td>\n",
       "      <td>1300</td>\n",
       "      <td>WN</td>\n",
       "      <td>399</td>\n",
       "      <td>...</td>\n",
       "      <td>4.0</td>\n",
       "      <td>8.0</td>\n",
       "      <td>0</td>\n",
       "      <td>NaN</td>\n",
       "      <td>0</td>\n",
       "      <td>NaN</td>\n",
       "      <td>NaN</td>\n",
       "      <td>NaN</td>\n",
       "      <td>NaN</td>\n",
       "      <td>NaN</td>\n",
       "    </tr>\n",
       "  </tbody>\n",
       "</table>\n",
       "<p>5 rows × 29 columns</p>\n",
       "</div>"
      ],
      "text/plain": [
       "   Year  Month  DayofMonth  DayOfWeek  DepTime  CRSDepTime  ArrTime  \\\n",
       "0  2008      6          18          3   2111.0        2055   2308.0   \n",
       "1  2008      6           4          3   1426.0        1410   1730.0   \n",
       "2  2008      8           3          7   1143.0        1145   1501.0   \n",
       "3  2008      1          23          3   1141.0        1144   1323.0   \n",
       "4  2008      5           4          7    815.0         820   1243.0   \n",
       "\n",
       "   CRSArrTime UniqueCarrier  FlightNum        ...         TaxiIn  TaxiOut  \\\n",
       "0        2300            WN        242        ...            3.0      8.0   \n",
       "1        1728            XE       2380        ...            4.0     12.0   \n",
       "2        1520            WN       1769        ...            4.0      9.0   \n",
       "3        1335            OO       3802        ...            4.0     19.0   \n",
       "4        1300            WN        399        ...            4.0      8.0   \n",
       "\n",
       "   Cancelled  CancellationCode  Diverted  CarrierDelay WeatherDelay NASDelay  \\\n",
       "0          0               NaN         0           NaN          NaN      NaN   \n",
       "1          0               NaN         0           NaN          NaN      NaN   \n",
       "2          0               NaN         0           NaN          NaN      NaN   \n",
       "3          0               NaN         0           NaN          NaN      NaN   \n",
       "4          0               NaN         0           NaN          NaN      NaN   \n",
       "\n",
       "   SecurityDelay  LateAircraftDelay  \n",
       "0            NaN                NaN  \n",
       "1            NaN                NaN  \n",
       "2            NaN                NaN  \n",
       "3            NaN                NaN  \n",
       "4            NaN                NaN  \n",
       "\n",
       "[5 rows x 29 columns]"
      ]
     },
     "execution_count": 4,
     "metadata": {},
     "output_type": "execute_result"
    }
   ],
   "source": [
    "df = pd.read_csv(\"2008.csv\")\n",
    "df.head()"
   ]
  },
  {
   "cell_type": "code",
   "execution_count": 5,
   "metadata": {
    "collapsed": false
   },
   "outputs": [
    {
     "name": "stderr",
     "output_type": "stream",
     "text": [
      "C:\\Program Files\\Anaconda3\\lib\\site-packages\\numpy\\lib\\function_base.py:4116: RuntimeWarning: Invalid value encountered in percentile\n",
      "  interpolation=interpolation)\n"
     ]
    },
    {
     "data": {
      "text/html": [
       "<div>\n",
       "<table border=\"1\" class=\"dataframe\">\n",
       "  <thead>\n",
       "    <tr style=\"text-align: right;\">\n",
       "      <th></th>\n",
       "      <th>Year</th>\n",
       "      <th>Month</th>\n",
       "      <th>DayofMonth</th>\n",
       "      <th>DayOfWeek</th>\n",
       "      <th>DepTime</th>\n",
       "      <th>CRSDepTime</th>\n",
       "      <th>ArrTime</th>\n",
       "      <th>CRSArrTime</th>\n",
       "      <th>FlightNum</th>\n",
       "      <th>ActualElapsedTime</th>\n",
       "      <th>...</th>\n",
       "      <th>Distance</th>\n",
       "      <th>TaxiIn</th>\n",
       "      <th>TaxiOut</th>\n",
       "      <th>Cancelled</th>\n",
       "      <th>Diverted</th>\n",
       "      <th>CarrierDelay</th>\n",
       "      <th>WeatherDelay</th>\n",
       "      <th>NASDelay</th>\n",
       "      <th>SecurityDelay</th>\n",
       "      <th>LateAircraftDelay</th>\n",
       "    </tr>\n",
       "  </thead>\n",
       "  <tbody>\n",
       "    <tr>\n",
       "      <th>count</th>\n",
       "      <td>70000.0</td>\n",
       "      <td>70000.000000</td>\n",
       "      <td>70000.000000</td>\n",
       "      <td>70000.000000</td>\n",
       "      <td>68601.000000</td>\n",
       "      <td>70000.000000</td>\n",
       "      <td>68444.000000</td>\n",
       "      <td>70000.000000</td>\n",
       "      <td>70000.000000</td>\n",
       "      <td>68418.000000</td>\n",
       "      <td>...</td>\n",
       "      <td>70000.000000</td>\n",
       "      <td>68444.000000</td>\n",
       "      <td>68594.000000</td>\n",
       "      <td>70000.000000</td>\n",
       "      <td>70000.000000</td>\n",
       "      <td>15253.000000</td>\n",
       "      <td>15253.000000</td>\n",
       "      <td>15253.000000</td>\n",
       "      <td>15253.000000</td>\n",
       "      <td>15253.000000</td>\n",
       "    </tr>\n",
       "    <tr>\n",
       "      <th>mean</th>\n",
       "      <td>2008.0</td>\n",
       "      <td>6.380300</td>\n",
       "      <td>15.742300</td>\n",
       "      <td>3.925900</td>\n",
       "      <td>1331.025058</td>\n",
       "      <td>1324.217071</td>\n",
       "      <td>1478.600842</td>\n",
       "      <td>1492.904771</td>\n",
       "      <td>2214.752114</td>\n",
       "      <td>126.960931</td>\n",
       "      <td>...</td>\n",
       "      <td>724.508257</td>\n",
       "      <td>6.847189</td>\n",
       "      <td>16.435621</td>\n",
       "      <td>0.020157</td>\n",
       "      <td>0.002443</td>\n",
       "      <td>15.862388</td>\n",
       "      <td>2.829935</td>\n",
       "      <td>16.751918</td>\n",
       "      <td>0.078935</td>\n",
       "      <td>20.698944</td>\n",
       "    </tr>\n",
       "    <tr>\n",
       "      <th>std</th>\n",
       "      <td>0.0</td>\n",
       "      <td>3.419011</td>\n",
       "      <td>8.813738</td>\n",
       "      <td>1.995955</td>\n",
       "      <td>477.005973</td>\n",
       "      <td>463.231562</td>\n",
       "      <td>504.601176</td>\n",
       "      <td>482.071631</td>\n",
       "      <td>1963.606525</td>\n",
       "      <td>70.382109</td>\n",
       "      <td>...</td>\n",
       "      <td>565.485009</td>\n",
       "      <td>4.884862</td>\n",
       "      <td>11.297027</td>\n",
       "      <td>0.140539</td>\n",
       "      <td>0.049365</td>\n",
       "      <td>38.596304</td>\n",
       "      <td>17.687256</td>\n",
       "      <td>32.017588</td>\n",
       "      <td>2.063460</td>\n",
       "      <td>39.068022</td>\n",
       "    </tr>\n",
       "    <tr>\n",
       "      <th>min</th>\n",
       "      <td>2008.0</td>\n",
       "      <td>1.000000</td>\n",
       "      <td>1.000000</td>\n",
       "      <td>1.000000</td>\n",
       "      <td>1.000000</td>\n",
       "      <td>1.000000</td>\n",
       "      <td>1.000000</td>\n",
       "      <td>1.000000</td>\n",
       "      <td>1.000000</td>\n",
       "      <td>19.000000</td>\n",
       "      <td>...</td>\n",
       "      <td>31.000000</td>\n",
       "      <td>0.000000</td>\n",
       "      <td>0.000000</td>\n",
       "      <td>0.000000</td>\n",
       "      <td>0.000000</td>\n",
       "      <td>0.000000</td>\n",
       "      <td>0.000000</td>\n",
       "      <td>0.000000</td>\n",
       "      <td>0.000000</td>\n",
       "      <td>0.000000</td>\n",
       "    </tr>\n",
       "    <tr>\n",
       "      <th>25%</th>\n",
       "      <td>2008.0</td>\n",
       "      <td>3.000000</td>\n",
       "      <td>8.000000</td>\n",
       "      <td>2.000000</td>\n",
       "      <td>NaN</td>\n",
       "      <td>926.000000</td>\n",
       "      <td>NaN</td>\n",
       "      <td>1115.000000</td>\n",
       "      <td>614.000000</td>\n",
       "      <td>NaN</td>\n",
       "      <td>...</td>\n",
       "      <td>324.000000</td>\n",
       "      <td>NaN</td>\n",
       "      <td>NaN</td>\n",
       "      <td>0.000000</td>\n",
       "      <td>0.000000</td>\n",
       "      <td>NaN</td>\n",
       "      <td>NaN</td>\n",
       "      <td>NaN</td>\n",
       "      <td>NaN</td>\n",
       "      <td>NaN</td>\n",
       "    </tr>\n",
       "    <tr>\n",
       "      <th>50%</th>\n",
       "      <td>2008.0</td>\n",
       "      <td>6.000000</td>\n",
       "      <td>16.000000</td>\n",
       "      <td>4.000000</td>\n",
       "      <td>NaN</td>\n",
       "      <td>1316.000000</td>\n",
       "      <td>NaN</td>\n",
       "      <td>1515.000000</td>\n",
       "      <td>1562.000000</td>\n",
       "      <td>NaN</td>\n",
       "      <td>...</td>\n",
       "      <td>575.000000</td>\n",
       "      <td>NaN</td>\n",
       "      <td>NaN</td>\n",
       "      <td>0.000000</td>\n",
       "      <td>0.000000</td>\n",
       "      <td>NaN</td>\n",
       "      <td>NaN</td>\n",
       "      <td>NaN</td>\n",
       "      <td>NaN</td>\n",
       "      <td>NaN</td>\n",
       "    </tr>\n",
       "    <tr>\n",
       "      <th>75%</th>\n",
       "      <td>2008.0</td>\n",
       "      <td>9.000000</td>\n",
       "      <td>23.000000</td>\n",
       "      <td>6.000000</td>\n",
       "      <td>NaN</td>\n",
       "      <td>1715.000000</td>\n",
       "      <td>NaN</td>\n",
       "      <td>1905.000000</td>\n",
       "      <td>3500.000000</td>\n",
       "      <td>NaN</td>\n",
       "      <td>...</td>\n",
       "      <td>950.000000</td>\n",
       "      <td>NaN</td>\n",
       "      <td>NaN</td>\n",
       "      <td>0.000000</td>\n",
       "      <td>0.000000</td>\n",
       "      <td>NaN</td>\n",
       "      <td>NaN</td>\n",
       "      <td>NaN</td>\n",
       "      <td>NaN</td>\n",
       "      <td>NaN</td>\n",
       "    </tr>\n",
       "    <tr>\n",
       "      <th>max</th>\n",
       "      <td>2008.0</td>\n",
       "      <td>12.000000</td>\n",
       "      <td>31.000000</td>\n",
       "      <td>7.000000</td>\n",
       "      <td>2400.000000</td>\n",
       "      <td>2359.000000</td>\n",
       "      <td>2400.000000</td>\n",
       "      <td>2400.000000</td>\n",
       "      <td>7828.000000</td>\n",
       "      <td>686.000000</td>\n",
       "      <td>...</td>\n",
       "      <td>4962.000000</td>\n",
       "      <td>165.000000</td>\n",
       "      <td>317.000000</td>\n",
       "      <td>1.000000</td>\n",
       "      <td>1.000000</td>\n",
       "      <td>1146.000000</td>\n",
       "      <td>516.000000</td>\n",
       "      <td>914.000000</td>\n",
       "      <td>175.000000</td>\n",
       "      <td>784.000000</td>\n",
       "    </tr>\n",
       "  </tbody>\n",
       "</table>\n",
       "<p>8 rows × 24 columns</p>\n",
       "</div>"
      ],
      "text/plain": [
       "          Year         Month    DayofMonth     DayOfWeek       DepTime  \\\n",
       "count  70000.0  70000.000000  70000.000000  70000.000000  68601.000000   \n",
       "mean    2008.0      6.380300     15.742300      3.925900   1331.025058   \n",
       "std        0.0      3.419011      8.813738      1.995955    477.005973   \n",
       "min     2008.0      1.000000      1.000000      1.000000      1.000000   \n",
       "25%     2008.0      3.000000      8.000000      2.000000           NaN   \n",
       "50%     2008.0      6.000000     16.000000      4.000000           NaN   \n",
       "75%     2008.0      9.000000     23.000000      6.000000           NaN   \n",
       "max     2008.0     12.000000     31.000000      7.000000   2400.000000   \n",
       "\n",
       "         CRSDepTime       ArrTime    CRSArrTime     FlightNum  \\\n",
       "count  70000.000000  68444.000000  70000.000000  70000.000000   \n",
       "mean    1324.217071   1478.600842   1492.904771   2214.752114   \n",
       "std      463.231562    504.601176    482.071631   1963.606525   \n",
       "min        1.000000      1.000000      1.000000      1.000000   \n",
       "25%      926.000000           NaN   1115.000000    614.000000   \n",
       "50%     1316.000000           NaN   1515.000000   1562.000000   \n",
       "75%     1715.000000           NaN   1905.000000   3500.000000   \n",
       "max     2359.000000   2400.000000   2400.000000   7828.000000   \n",
       "\n",
       "       ActualElapsedTime        ...              Distance        TaxiIn  \\\n",
       "count       68418.000000        ...          70000.000000  68444.000000   \n",
       "mean          126.960931        ...            724.508257      6.847189   \n",
       "std            70.382109        ...            565.485009      4.884862   \n",
       "min            19.000000        ...             31.000000      0.000000   \n",
       "25%                  NaN        ...            324.000000           NaN   \n",
       "50%                  NaN        ...            575.000000           NaN   \n",
       "75%                  NaN        ...            950.000000           NaN   \n",
       "max           686.000000        ...           4962.000000    165.000000   \n",
       "\n",
       "            TaxiOut     Cancelled      Diverted  CarrierDelay  WeatherDelay  \\\n",
       "count  68594.000000  70000.000000  70000.000000  15253.000000  15253.000000   \n",
       "mean      16.435621      0.020157      0.002443     15.862388      2.829935   \n",
       "std       11.297027      0.140539      0.049365     38.596304     17.687256   \n",
       "min        0.000000      0.000000      0.000000      0.000000      0.000000   \n",
       "25%             NaN      0.000000      0.000000           NaN           NaN   \n",
       "50%             NaN      0.000000      0.000000           NaN           NaN   \n",
       "75%             NaN      0.000000      0.000000           NaN           NaN   \n",
       "max      317.000000      1.000000      1.000000   1146.000000    516.000000   \n",
       "\n",
       "           NASDelay  SecurityDelay  LateAircraftDelay  \n",
       "count  15253.000000   15253.000000       15253.000000  \n",
       "mean      16.751918       0.078935          20.698944  \n",
       "std       32.017588       2.063460          39.068022  \n",
       "min        0.000000       0.000000           0.000000  \n",
       "25%             NaN            NaN                NaN  \n",
       "50%             NaN            NaN                NaN  \n",
       "75%             NaN            NaN                NaN  \n",
       "max      914.000000     175.000000         784.000000  \n",
       "\n",
       "[8 rows x 24 columns]"
      ]
     },
     "execution_count": 5,
     "metadata": {},
     "output_type": "execute_result"
    }
   ],
   "source": [
    "df.describe()"
   ]
  },
  {
   "cell_type": "code",
   "execution_count": 6,
   "metadata": {
    "collapsed": false
   },
   "outputs": [
    {
     "name": "stdout",
     "output_type": "stream",
     "text": [
      "<class 'pandas.core.frame.DataFrame'>\n",
      "RangeIndex: 70000 entries, 0 to 69999\n",
      "Data columns (total 29 columns):\n",
      "Year                 70000 non-null int64\n",
      "Month                70000 non-null int64\n",
      "DayofMonth           70000 non-null int64\n",
      "DayOfWeek            70000 non-null int64\n",
      "DepTime              68601 non-null float64\n",
      "CRSDepTime           70000 non-null int64\n",
      "ArrTime              68444 non-null float64\n",
      "CRSArrTime           70000 non-null int64\n",
      "UniqueCarrier        70000 non-null object\n",
      "FlightNum            70000 non-null int64\n",
      "TailNum              69180 non-null object\n",
      "ActualElapsedTime    68418 non-null float64\n",
      "CRSElapsedTime       69991 non-null float64\n",
      "AirTime              68418 non-null float64\n",
      "ArrDelay             68418 non-null float64\n",
      "DepDelay             68601 non-null float64\n",
      "Origin               70000 non-null object\n",
      "Dest                 70000 non-null object\n",
      "Distance             70000 non-null int64\n",
      "TaxiIn               68444 non-null float64\n",
      "TaxiOut              68594 non-null float64\n",
      "Cancelled            70000 non-null int64\n",
      "CancellationCode     1411 non-null object\n",
      "Diverted             70000 non-null int64\n",
      "CarrierDelay         15253 non-null float64\n",
      "WeatherDelay         15253 non-null float64\n",
      "NASDelay             15253 non-null float64\n",
      "SecurityDelay        15253 non-null float64\n",
      "LateAircraftDelay    15253 non-null float64\n",
      "dtypes: float64(14), int64(10), object(5)\n",
      "memory usage: 15.5+ MB\n"
     ]
    }
   ],
   "source": [
    "df.info()"
   ]
  },
  {
   "cell_type": "code",
   "execution_count": 7,
   "metadata": {
    "collapsed": false
   },
   "outputs": [
    {
     "data": {
      "text/plain": [
       "Year                      0\n",
       "Month                     0\n",
       "DayofMonth                0\n",
       "DayOfWeek                 0\n",
       "DepTime                1399\n",
       "CRSDepTime             1399\n",
       "ArrTime                2955\n",
       "CRSArrTime             2955\n",
       "UniqueCarrier          2955\n",
       "FlightNum              2955\n",
       "TailNum                3775\n",
       "ActualElapsedTime      5357\n",
       "CRSElapsedTime         5366\n",
       "AirTime                6948\n",
       "ArrDelay               8530\n",
       "DepDelay               9929\n",
       "Origin                 9929\n",
       "Dest                   9929\n",
       "Distance               9929\n",
       "TaxiIn                11485\n",
       "TaxiOut               12891\n",
       "Cancelled             12891\n",
       "CancellationCode      81480\n",
       "Diverted              81480\n",
       "CarrierDelay         136227\n",
       "WeatherDelay         190974\n",
       "NASDelay             245721\n",
       "SecurityDelay        300468\n",
       "LateAircraftDelay    355215\n",
       "dtype: int64"
      ]
     },
     "execution_count": 7,
     "metadata": {},
     "output_type": "execute_result"
    }
   ],
   "source": [
    "a = len(df.index)-df.count()\n",
    "a.head()\n",
    "a.cumsum(axis=0, skipna=True)"
   ]
  },
  {
   "cell_type": "markdown",
   "metadata": {},
   "source": [
    "Ресурс: https://stackoverflow.com/questions/22257527/how-do-i-get-a-summary-count-of-missing-nan-data-by-column-in-pandas  \n",
    "Имеются ли в данных пропущенные значения? Да  \n",
    "Сколько всего пропущенных элементов в таблице \"объект-признак\"? 355215"
   ]
  },
  {
   "cell_type": "code",
   "execution_count": 9,
   "metadata": {
    "collapsed": false
   },
   "outputs": [
    {
     "data": {
      "text/plain": [
       "70000"
      ]
     },
     "execution_count": 9,
     "metadata": {},
     "output_type": "execute_result"
    }
   ],
   "source": [
    "a = pd.isnull(df)\n",
    "b = [0] * 70000\n",
    "for i in range(len(a.index)):\n",
    "    for j in range(len(a.columns)):\n",
    "        if a.iloc[i, j] == True and b[i] == 0:\n",
    "            b[i] += 1\n",
    "c = 0\n",
    "for i in range(len(b)):\n",
    "    c += b[i]\n",
    "c"
   ]
  },
  {
   "cell_type": "markdown",
